[2026-06-24 10:37:24] Nueva calibración detectada. Anterior=2026-03-09T13:42:09+01:00 Actual=2026-06-24T10:04:35+02:00
[2026-06-24 10:37:26] Guardado vector. Total usos=56 Vector=[0, 0, 1, 1, 0, 0, 1, 1, 0, 0, 1, 1, 0, 0, 1, 1, 0, 0, 0, 0, 1, 1, 0, 0, 1, 1, 0, 0, 1, 1, 0, 0, 0, 0, 0, 0, 0, 0, 0, 1, 0, 0, 1, 1, 0, 0, 0, 1, 1, 0, 0, 0, 0, 1, 0, 0, 0, 0, 1, 1, 1, 1, 0, 0, 1, 1, 0, 0, 0, 0, 0, 1, 0, 0, 0, 1, 0, 0, 1, 1, 0, 0, 1, 1, 0, 0, 0, 0, 0, 1, 0, 0, 0, 1, 0, 0, 0, 1, 1, 1, 1, 1, 0, 0, 0, 0, 0, 1, 0, 0, 0, 1, 0, 0, 0, 1, 0, 1, 1, 1, 0, 0, 0, 0, 0, 1, 0, 0, 0, 1, 0, 0, 0, 1, 0, 0, 1, 1, 1, 1, 0, 0, 0, 1, 0, 0, 0, 1, 0, 0, 0, 1, 0, 0, 0, 1]
[2026-06-24 10:37:28] Vector cargado correctamente. Total usos=56
[2026-06-24 10:37:30] Guardado vector. Total usos=112 Vector=[0, 0, 1, 1, 1, 1, 1, 1, 1, 1, 1, 1, 1, 1, 1, 1, 0, 0, 0, 1, 1, 1, 1, 1, 1, 1, 1, 1, 1, 1, 1, 1, 0, 0, 0, 1, 0, 0, 0, 1, 1, 1, 1, 1, 1, 1, 0, 1, 1, 1, 1, 0, 0, 1, 1, 1, 0, 1, 1, 1, 1, 1, 1, 1, 1, 1, 0, 1, 0, 0, 0, 1, 0, 1, 1, 1, 0, 1, 1, 1, 1, 1, 1, 1, 0, 1, 0, 0, 0, 1, 1, 1, 0, 1, 1, 1, 1, 1, 1, 1, 1, 1, 0, 1, 0, 0, 0, 1, 1, 1, 0, 1, 1, 1, 0, 1, 1, 1, 1, 1, 0, 1, 0, 0, 0, 1, 0, 1, 1, 1, 0, 1, 1, 1, 0, 1, 1, 1, 1, 2, 1, 1, 0, 1, 1, 1, 0, 1, 0, 0, 0, 1, 1, 1, 0, 1]
[2026-06-24 10:37:32] Vector cargado correctamente. Total usos=112
[2026-06-24 10:37:34] Guardado vector. Total usos=160 Vector=[0, 0, 1, 2, 1, 1, 1, 2, 1, 1, 1, 2, 1, 1, 1, 1, 1, 1, 1, 1, 1, 2, 1, 1, 1, 2, 1, 1, 1, 2, 1, 1, 0, 0, 1, 2, 1, 1, 1, 1, 1, 1, 1, 2, 1, 1, 0, 1, 1, 1, 1, 1, 1, 1, 1, 2, 1, 1, 1, 2, 1, 2, 1, 1, 1, 1, 0, 1, 1, 1, 0, 1, 0, 1, 1, 1, 1, 1, 1, 1, 1, 1, 1, 1, 0, 1, 1, 1, 0, 1, 1, 2, 1, 1, 1, 1, 1, 1, 1, 1, 2, 2, 0, 1, 1, 1, 0, 1, 1, 2, 1, 1, 1, 2, 1, 1, 1, 1, 1, 1, 0, 1, 1, 1, 0, 1, 0, 1, 1, 1, 1, 2, 1, 1, 1, 2, 1, 1, 1, 2, 1, 2, 1, 1, 1, 2, 1, 1, 0, 0, 0, 1, 1, 2, 1, 1]
[2026-06-24 10:37:36] Vector cargado correctamente. Total usos=160
[2026-06-24 10:37:37] Guardado vector. Total usos=214 Vector=[0, 0, 1, 2, 2, 2, 1, 2, 2, 2, 1, 2, 2, 2, 1, 1, 1, 1, 1, 2, 1, 2, 2, 2, 1, 2, 2, 2, 1, 2, 1, 2, 1, 0, 1, 3, 1, 1, 2, 1, 2, 2, 1, 2, 2, 2, 0, 1, 1, 2, 1, 1, 2, 2, 1, 2, 1, 1, 1, 2, 2, 3, 1, 1, 1, 2, 1, 1, 1, 2, 1, 1, 0, 2, 2, 1, 1, 1, 1, 1, 1, 1, 1, 2, 1, 1, 1, 2, 1, 1, 1, 2, 1, 1, 2, 2, 1, 1, 2, 1, 2, 2, 0, 1, 1, 2, 1, 1, 1, 2, 1, 2, 1, 2, 1, 1, 1, 1, 2, 2, 1, 2, 1, 1, 0, 1, 0, 1, 1, 2, 1, 2, 1, 2, 1, 2, 2, 1, 2, 2, 1, 2, 1, 2, 1, 2, 1, 2, 1, 0, 0, 2, 1, 2, 2, 2]
[2026-06-24 10:37:39] Vector cargado correctamente. Total usos=214
[2026-06-24 10:37:40] Guardado vector. Total usos=266 Vector=[0, 0, 2, 3, 2, 2, 2, 3, 2, 2, 2, 3, 2, 2, 2, 2, 1, 1, 1, 2, 2, 3, 2, 2, 2, 3, 2, 2, 2, 3, 1, 2, 1, 0, 1, 3, 1, 1, 2, 1, 2, 2, 1, 2, 2, 2, 0, 2, 2, 2, 1, 2, 2, 2, 2, 3, 2, 1, 2, 2, 2, 3, 1, 2, 1, 2, 1, 1, 1, 2, 1, 1, 0, 2, 2, 1, 2, 2, 2, 2, 1, 2, 1, 2, 1, 2, 1, 2, 1, 2, 1, 2, 1, 2, 2, 2, 1, 2, 2, 2, 2, 2, 1, 2, 1, 2, 1, 2, 1, 2, 2, 3, 1, 2, 1, 2, 1, 1, 2, 2, 1, 2, 1, 2, 1, 1, 0, 2, 2, 2, 1, 3, 2, 2, 1, 3, 2, 1, 2, 3, 2, 3, 1, 2, 2, 3, 1, 2, 1, 0, 0, 2, 2, 3, 2, 2]
[2026-06-24 10:37:42] Vector cargado correctamente. Total usos=266
[2026-06-24 10:37:43] Guardado vector. Total usos=316 Vector=[0, 0, 2, 3, 2, 2, 2, 3, 2, 2, 2, 3, 2, 3, 3, 2, 2, 2, 2, 2, 2, 3, 2, 3, 2, 3, 2, 3, 2, 3, 1, 3, 1, 0, 1, 3, 2, 2, 2, 2, 2, 3, 1, 2, 2, 3, 0, 2, 2, 3, 2, 2, 2, 3, 2, 3, 2, 2, 2, 3, 2, 3, 2, 3, 1, 2, 1, 2, 1, 2, 2, 2, 0, 2, 2, 2, 2, 2, 2, 2, 2, 3, 1, 2, 2, 3, 1, 2, 2, 3, 1, 2, 2, 3, 2, 2, 1, 2, 2, 2, 2, 3, 1, 2, 1, 2, 1, 3, 2, 2, 2, 3, 2, 3, 1, 2, 2, 2, 2, 2, 1, 2, 1, 2, 1, 2, 0, 2, 2, 3, 2, 3, 2, 2, 2, 4, 2, 2, 2, 3, 2, 3, 2, 3, 2, 3, 1, 3, 1, 0, 0, 3, 3, 3, 2, 2]
[2026-06-24 10:37:45] Vector cargado correctamente. Total usos=316
[2026-06-24 10:37:46] Guardado vector. Total usos=366 Vector=[0, 0, 2, 3, 3, 3, 2, 3, 3, 3, 2, 3, 2, 3, 3, 3, 2, 2, 2, 3, 3, 4, 2, 3, 3, 4, 2, 3, 2, 4, 2, 3, 1, 0, 1, 3, 2, 2, 2, 2, 2, 3, 2, 3, 2, 3, 0, 3, 3, 3, 2, 3, 3, 3, 2, 3, 2, 2, 2, 3, 3, 4, 2, 3, 2, 3, 1, 2, 2, 3, 2, 2, 0, 3, 3, 2, 2, 2, 2, 2, 2, 3, 2, 3, 2, 3, 2, 3, 2, 3, 2, 3, 2, 3, 2, 2, 1, 2, 2, 2, 2, 3, 1, 2, 2, 3, 1, 3, 3, 3, 2, 3, 2, 3, 2, 3, 2, 2, 2, 2, 2, 3, 1, 2, 1, 2, 0, 3, 3, 3, 2, 3, 3, 3, 2, 4, 2, 2, 2, 3, 3, 4, 2, 3, 2, 4, 2, 3, 1, 0, 0, 3, 3, 3, 3, 3]
[2026-06-24 10:37:48] Vector cargado correctamente. Total usos=366
[2026-06-24 10:37:48] Guardado vector. Total usos=420 Vector=[0, 0, 3, 4, 3, 3, 3, 4, 3, 3, 2, 3, 3, 4, 3, 3, 2, 2, 2, 4, 3, 4, 2, 3, 3, 4, 2, 3, 2, 4, 2, 4, 2, 0, 1, 4, 3, 3, 3, 2, 2, 4, 2, 3, 2, 4, 0, 3, 3, 4, 2, 3, 3, 4, 3, 3, 3, 2, 3, 3, 3, 4, 2, 4, 2, 3, 2, 3, 2, 3, 2, 3, 0, 3, 4, 3, 3, 2, 3, 2, 2, 4, 2, 3, 2, 4, 3, 3, 2, 4, 2, 3, 2, 3, 3, 3, 2, 2, 3, 2, 2, 3, 1, 3, 2, 3, 2, 4, 3, 3, 2, 4, 2, 3, 2, 3, 2, 2, 3, 3, 2, 3, 2, 3, 1, 2, 0, 3, 3, 4, 2, 3, 3, 4, 2, 4, 2, 2, 3, 4, 3, 5, 3, 3, 2, 4, 2, 4, 2, 0, 0, 4, 3, 3, 3, 4]
[2026-06-24 10:37:50] Vector cargado correctamente. Total usos=420
[2026-06-24 10:37:50] Guardado vector. Total usos=472 Vector=[0, 0, 3, 4, 3, 3, 3, 4, 3, 4, 3, 3, 3, 5, 4, 3, 3, 3, 2, 4, 3, 4, 2, 4, 3, 4, 2, 4, 2, 4, 3, 5, 2, 0, 2, 5, 3, 3, 3, 2, 2, 4, 3, 4, 2, 4, 0, 4, 3, 4, 3, 4, 3, 4, 4, 4, 3, 3, 3, 3, 4, 5, 2, 4, 3, 4, 2, 3, 2, 4, 3, 3, 0, 4, 4, 3, 3, 2, 3, 3, 2, 4, 3, 4, 2, 4, 3, 4, 3, 4, 2, 3, 2, 3, 3, 4, 2, 2, 3, 3, 2, 4, 2, 3, 2, 3, 2, 4, 3, 4, 3, 4, 2, 4, 2, 3, 2, 2, 3, 4, 2, 3, 2, 3, 2, 3, 0, 3, 3, 4, 3, 4, 3, 4, 2, 5, 2, 3, 3, 5, 3, 5, 3, 4, 3, 4, 2, 5, 2, 0, 0, 4, 4, 4, 3, 4]
[2026-06-24 10:37:52] Vector cargado correctamente. Total usos=472
[2026-06-24 10:37:52] Guardado vector. Total usos=512 Vector=[0, 0, 3, 4, 4, 4, 3, 4, 3, 4, 3, 4, 3, 5, 5, 4, 3, 3, 3, 4, 3, 5, 3, 4, 3, 5, 3, 4, 2, 5, 3, 5, 2, 0, 2, 5, 3, 3, 4, 3, 2, 4, 3, 5, 3, 4, 0, 4, 3, 4, 3, 4, 3, 5, 4, 4, 3, 3, 4, 4, 4, 5, 2, 4, 3, 4, 3, 4, 2, 4, 3, 4, 0, 4, 4, 4, 3, 2, 3, 3, 3, 5, 3, 4, 2, 4, 3, 5, 3, 4, 3, 4, 2, 3, 3, 4, 3, 3, 3, 3, 2, 4, 2, 4, 2, 3, 2, 4, 3, 4, 3, 4, 2, 4, 3, 4, 3, 3, 3, 4, 2, 4, 2, 3, 2, 4, 0, 3, 3, 4, 3, 4, 3, 5, 3, 5, 3, 3, 3, 5, 3, 5, 3, 5, 3, 4, 2, 5, 2, 0, 0, 4, 4, 4, 3, 4]
[2026-06-24 12:18:44] Nueva calibración detectada. Anterior=2026-06-24T10:04:35+02:00 Actual=2026-06-24T11:37:18+02:00
[2026-06-24 12:18:46] Guardado vector. Total usos=56 Vector=[0, 0, 1, 1, 0, 0, 1, 1, 0, 0, 1, 1, 0, 0, 1, 1, 0, 0, 0, 0, 1, 1, 0, 0, 1, 1, 0, 0, 1, 1, 0, 0, 0, 0, 0, 0, 0, 0, 0, 1, 0, 0, 1, 1, 0, 0, 0, 1, 1, 0, 0, 0, 0, 1, 0, 0, 0, 0, 1, 1, 1, 1, 0, 0, 1, 1, 0, 0, 0, 0, 0, 1, 0, 0, 0, 1, 0, 0, 1, 1, 0, 0, 1, 1, 0, 0, 0, 0, 0, 1, 0, 0, 0, 1, 0, 0, 0, 1, 1, 1, 1, 1, 0, 0, 0, 0, 0, 1, 0, 0, 0, 1, 0, 0, 0, 1, 0, 1, 1, 1, 0, 0, 0, 0, 0, 1, 0, 0, 0, 1, 0, 0, 0, 1, 0, 0, 1, 1, 1, 1, 0, 0, 0, 1, 0, 0, 0, 1, 0, 0, 0, 1, 0, 0, 0, 1]
[2026-06-24 12:18:48] Vector cargado correctamente. Total usos=56
[2026-06-24 12:18:50] Guardado vector. Total usos=112 Vector=[0, 0, 1, 1, 1, 1, 1, 1, 1, 1, 1, 1, 1, 1, 1, 1, 0, 0, 0, 1, 1, 1, 1, 1, 1, 1, 1, 1, 1, 1, 1, 1, 0, 0, 0, 1, 0, 0, 0, 1, 1, 1, 1, 1, 1, 1, 0, 1, 1, 1, 1, 0, 0, 1, 1, 1, 0, 1, 1, 1, 1, 1, 1, 1, 1, 1, 0, 1, 0, 0, 0, 1, 0, 1, 1, 1, 0, 1, 1, 1, 1, 1, 1, 1, 0, 1, 0, 0, 0, 1, 1, 1, 0, 1, 1, 1, 1, 1, 1, 1, 1, 1, 0, 1, 0, 0, 0, 1, 1, 1, 0, 1, 1, 1, 0, 1, 1, 1, 1, 1, 0, 1, 0, 0, 0, 1, 0, 1, 1, 1, 0, 1, 1, 1, 0, 1, 1, 1, 1, 2, 1, 1, 0, 1, 1, 1, 0, 1, 0, 0, 0, 1, 1, 1, 0, 1]
[2026-06-24 12:18:52] Vector cargado correctamente. Total usos=112
[2026-06-24 12:18:53] Guardado vector. Total usos=160 Vector=[0, 0, 1, 2, 1, 1, 1, 2, 1, 1, 1, 2, 1, 1, 1, 1, 1, 1, 1, 1, 1, 2, 1, 1, 1, 2, 1, 1, 1, 2, 1, 1, 0, 0, 1, 2, 1, 1, 1, 1, 1, 1, 1, 2, 1, 1, 0, 1, 1, 1, 1, 1, 1, 1, 1, 2, 1, 1, 1, 2, 1, 2, 1, 1, 1, 1, 0, 1, 1, 1, 0, 1, 0, 1, 1, 1, 1, 1, 1, 1, 1, 1, 1, 1, 0, 1, 1, 1, 0, 1, 1, 2, 1, 1, 1, 1, 1, 1, 1, 1, 2, 2, 0, 1, 1, 1, 0, 1, 1, 2, 1, 1, 1, 2, 1, 1, 1, 1, 1, 1, 0, 1, 1, 1, 0, 1, 0, 1, 1, 1, 1, 2, 1, 1, 1, 2, 1, 1, 1, 2, 1, 2, 1, 1, 1, 2, 1, 1, 0, 0, 0, 1, 1, 2, 1, 1]
[2026-06-24 12:18:55] Vector cargado correctamente. Total usos=160
[2026-06-24 12:18:57] Guardado vector. Total usos=214 Vector=[0, 0, 1, 2, 2, 2, 1, 2, 2, 2, 1, 2, 2, 2, 1, 1, 1, 1, 1, 2, 1, 2, 2, 2, 1, 2, 2, 2, 1, 2, 1, 2, 1, 0, 1, 3, 1, 1, 2, 1, 2, 2, 1, 2, 2, 2, 0, 1, 1, 2, 1, 1, 2, 2, 1, 2, 1, 1, 1, 2, 2, 3, 1, 1, 1, 2, 1, 1, 1, 2, 1, 1, 0, 2, 2, 1, 1, 1, 1, 1, 1, 1, 1, 2, 1, 1, 1, 2, 1, 1, 1, 2, 1, 1, 2, 2, 1, 1, 2, 1, 2, 2, 0, 1, 1, 2, 1, 1, 1, 2, 1, 2, 1, 2, 1, 1, 1, 1, 2, 2, 1, 2, 1, 1, 0, 1, 0, 1, 1, 2, 1, 2, 1, 2, 1, 2, 2, 1, 2, 2, 1, 2, 1, 2, 1, 2, 1, 2, 1, 0, 0, 2, 1, 2, 2, 2]
[2026-06-24 12:18:59] Vector cargado correctamente. Total usos=214
[2026-06-24 12:19:00] Guardado vector. Total usos=266 Vector=[0, 0, 2, 3, 2, 2, 2, 3, 2, 2, 2, 3, 2, 2, 2, 2, 1, 1, 1, 2, 2, 3, 2, 2, 2, 3, 2, 2, 2, 3, 1, 2, 1, 0, 1, 3, 1, 1, 2, 1, 2, 2, 1, 2, 2, 2, 0, 2, 2, 2, 1, 2, 2, 2, 2, 3, 2, 1, 2, 2, 2, 3, 1, 2, 1, 2, 1, 1, 1, 2, 1, 1, 0, 2, 2, 1, 2, 2, 2, 2, 1, 2, 1, 2, 1, 2, 1, 2, 1, 2, 1, 2, 1, 2, 2, 2, 1, 2, 2, 2, 2, 2, 1, 2, 1, 2, 1, 2, 1, 2, 2, 3, 1, 2, 1, 2, 1, 1, 2, 2, 1, 2, 1, 2, 1, 1, 0, 2, 2, 2, 1, 3, 2, 2, 1, 3, 2, 1, 2, 3, 2, 3, 1, 2, 2, 3, 1, 2, 1, 0, 0, 2, 2, 3, 2, 2]
[2026-06-24 12:19:02] Vector cargado correctamente. Total usos=266
[2026-06-24 12:19:03] Guardado vector. Total usos=316 Vector=[0, 0, 2, 3, 2, 2, 2, 3, 2, 2, 2, 3, 2, 3, 3, 2, 2, 2, 2, 2, 2, 3, 2, 3, 2, 3, 2, 3, 2, 3, 1, 3, 1, 0, 1, 3, 2, 2, 2, 2, 2, 3, 1, 2, 2, 3, 0, 2, 2, 3, 2, 2, 2, 3, 2, 3, 2, 2, 2, 3, 2, 3, 2, 3, 1, 2, 1, 2, 1, 2, 2, 2, 0, 2, 2, 2, 2, 2, 2, 2, 2, 3, 1, 2, 2, 3, 1, 2, 2, 3, 1, 2, 2, 3, 2, 2, 1, 2, 2, 2, 2, 3, 1, 2, 1, 2, 1, 3, 2, 2, 2, 3, 2, 3, 1, 2, 2, 2, 2, 2, 1, 2, 1, 2, 1, 2, 0, 2, 2, 3, 2, 3, 2, 2, 2, 4, 2, 2, 2, 3, 2, 3, 2, 3, 2, 3, 1, 3, 1, 0, 0, 3, 3, 3, 2, 2]
[2026-06-24 12:19:05] Vector cargado correctamente. Total usos=316
[2026-06-24 12:19:06] Guardado vector. Total usos=366 Vector=[0, 0, 2, 3, 3, 3, 2, 3, 3, 3, 2, 3, 2, 3, 3, 3, 2, 2, 2, 3, 3, 4, 2, 3, 3, 4, 2, 3, 2, 4, 2, 3, 1, 0, 1, 3, 2, 2, 2, 2, 2, 3, 2, 3, 2, 3, 0, 3, 3, 3, 2, 3, 3, 3, 2, 3, 2, 2, 2, 3, 3, 4, 2, 3, 2, 3, 1, 2, 2, 3, 2, 2, 0, 3, 3, 2, 2, 2, 2, 2, 2, 3, 2, 3, 2, 3, 2, 3, 2, 3, 2, 3, 2, 3, 2, 2, 1, 2, 2, 2, 2, 3, 1, 2, 2, 3, 1, 3, 3, 3, 2, 3, 2, 3, 2, 3, 2, 2, 2, 2, 2, 3, 1, 2, 1, 2, 0, 3, 3, 3, 2, 3, 3, 3, 2, 4, 2, 2, 2, 3, 3, 4, 2, 3, 2, 4, 2, 3, 1, 0, 0, 3, 3, 3, 3, 3]
[2026-06-24 12:19:08] Vector cargado correctamente. Total usos=366
[2026-06-24 12:19:08] Guardado vector. Total usos=420 Vector=[0, 0, 3, 4, 3, 3, 3, 4, 3, 3, 2, 3, 3, 4, 3, 3, 2, 2, 2, 4, 3, 4, 2, 3, 3, 4, 2, 3, 2, 4, 2, 4, 2, 0, 1, 4, 3, 3, 3, 2, 2, 4, 2, 3, 2, 4, 0, 3, 3, 4, 2, 3, 3, 4, 3, 3, 3, 2, 3, 3, 3, 4, 2, 4, 2, 3, 2, 3, 2, 3, 2, 3, 0, 3, 4, 3, 3, 2, 3, 2, 2, 4, 2, 3, 2, 4, 3, 3, 2, 4, 2, 3, 2, 3, 3, 3, 2, 2, 3, 2, 2, 3, 1, 3, 2, 3, 2, 4, 3, 3, 2, 4, 2, 3, 2, 3, 2, 2, 3, 3, 2, 3, 2, 3, 1, 2, 0, 3, 3, 4, 2, 3, 3, 4, 2, 4, 2, 2, 3, 4, 3, 5, 3, 3, 2, 4, 2, 4, 2, 0, 0, 4, 3, 3, 3, 4]
[2026-06-24 12:19:10] Vector cargado correctamente. Total usos=420
[2026-06-24 12:19:10] Guardado vector. Total usos=472 Vector=[0, 0, 3, 4, 3, 3, 3, 4, 3, 4, 3, 3, 3, 5, 4, 3, 3, 3, 2, 4, 3, 4, 2, 4, 3, 4, 2, 4, 2, 4, 3, 5, 2, 0, 2, 5, 3, 3, 3, 2, 2, 4, 3, 4, 2, 4, 0, 4, 3, 4, 3, 4, 3, 4, 4, 4, 3, 3, 3, 3, 4, 5, 2, 4, 3, 4, 2, 3, 2, 4, 3, 3, 0, 4, 4, 3, 3, 2, 3, 3, 2, 4, 3, 4, 2, 4, 3, 4, 3, 4, 2, 3, 2, 3, 3, 4, 2, 2, 3, 3, 2, 4, 2, 3, 2, 3, 2, 4, 3, 4, 3, 4, 2, 4, 2, 3, 2, 2, 3, 4, 2, 3, 2, 3, 2, 3, 0, 3, 3, 4, 3, 4, 3, 4, 2, 5, 2, 3, 3, 5, 3, 5, 3, 4, 3, 4, 2, 5, 2, 0, 0, 4, 4, 4, 3, 4]
[2026-06-24 12:19:12] Vector cargado correctamente. Total usos=472
[2026-06-24 12:19:13] Guardado vector. Total usos=512 Vector=[0, 0, 3, 4, 4, 4, 3, 4, 3, 4, 3, 4, 3, 5, 5, 4, 3, 3, 3, 4, 3, 5, 3, 4, 3, 5, 3, 4, 2, 5, 3, 5, 2, 0, 2, 5, 3, 3, 4, 3, 2, 4, 3, 5, 3, 4, 0, 4, 3, 4, 3, 4, 3, 5, 4, 4, 3, 3, 4, 4, 4, 5, 2, 4, 3, 4, 3, 4, 2, 4, 3, 4, 0, 4, 4, 4, 3, 2, 3, 3, 3, 5, 3, 4, 2, 4, 3, 5, 3, 4, 3, 4, 2, 3, 3, 4, 3, 3, 3, 3, 2, 4, 2, 4, 2, 3, 2, 4, 3, 4, 3, 4, 2, 4, 3, 4, 3, 3, 3, 4, 2, 4, 2, 3, 2, 4, 0, 3, 3, 4, 3, 4, 3, 5, 3, 5, 3, 3, 3, 5, 3, 5, 3, 5, 3, 4, 2, 5, 2, 0, 0, 4, 4, 4, 3, 4]
[2026-06-24 12:29:47] Vector cargado correctamente. Total usos=512
[2026-06-24 12:29:49] Guardado vector. Total usos=566 Vector=[0, 0, 4, 5, 4, 4, 3, 4, 4, 5, 3, 4, 4, 6, 5, 4, 3, 3, 3, 5, 3, 5, 3, 4, 3, 5, 3, 5, 3, 5, 3, 6, 3, 0, 2, 6, 3, 4, 4, 3, 3, 5, 3, 5, 3, 5, 0, 4, 4, 5, 3, 4, 4, 6, 4, 4, 3, 3, 4, 5, 4, 5, 3, 5, 3, 4, 3, 5, 3, 4, 3, 4, 0, 4, 4, 5, 3, 3, 3, 3, 4, 6, 3, 4, 2, 5, 3, 5, 4, 5, 3, 4, 3, 4, 3, 4, 3, 3, 3, 4, 3, 5, 2, 4, 3, 4, 2, 4, 3, 4, 3, 5, 3, 4, 3, 5, 3, 3, 3, 4, 2, 4, 3, 4, 2, 4, 0, 4, 4, 4, 3, 5, 4, 5, 3, 5, 3, 3, 3, 5, 4, 6, 3, 5, 3, 5, 3, 5, 2, 0, 0, 4, 4, 5, 4, 4]
[2026-06-24 12:29:51] Vector cargado correctamente. Total usos=566
[2026-06-24 12:29:52] Guardado vector. Total usos=612 Vector=[0, 0, 4, 5, 4, 5, 4, 4, 4, 5, 4, 5, 4, 6, 5, 4, 4, 3, 3, 5, 3, 5, 3, 5, 3, 5, 4, 6, 3, 5, 3, 6, 3, 0, 3, 7, 4, 4, 4, 3, 3, 6, 3, 5, 3, 5, 0, 5, 4, 5, 4, 5, 4, 6, 5, 5, 3, 4, 4, 5, 4, 6, 3, 5, 4, 5, 3, 5, 3, 5, 3, 4, 0, 5, 4, 5, 4, 3, 4, 4, 4, 6, 3, 5, 3, 5, 3, 5, 4, 5, 3, 5, 3, 4, 3, 4, 3, 3, 4, 4, 3, 5, 2, 4, 3, 5, 3, 4, 3, 5, 3, 5, 3, 5, 4, 5, 3, 3, 4, 4, 3, 5, 3, 4, 2, 4, 0, 5, 4, 4, 3, 5, 4, 5, 4, 6, 4, 4, 4, 5, 4, 6, 3, 6, 3, 5, 3, 5, 2, 0, 0, 5, 4, 5, 4, 4]
[2026-06-24 12:29:54] Vector cargado correctamente. Total usos=612
[2026-06-24 12:29:55] Guardado vector. Total usos=660 Vector=[0, 0, 5, 6, 4, 5, 4, 5, 4, 5, 4, 6, 4, 6, 6, 5, 4, 4, 4, 5, 4, 6, 3, 5, 4, 6, 4, 6, 3, 6, 3, 6, 3, 0, 3, 7, 4, 4, 5, 4, 3, 6, 4, 6, 3, 5, 0, 5, 4, 5, 4, 5, 4, 7, 5, 5, 3, 4, 4, 5, 4, 7, 4, 5, 4, 6, 4, 5, 3, 5, 4, 5, 0, 5, 5, 6, 4, 3, 4, 4, 4, 6, 3, 5, 3, 5, 3, 5, 4, 5, 3, 5, 4, 5, 3, 4, 3, 4, 4, 5, 3, 5, 3, 5, 3, 5, 3, 5, 3, 5, 4, 6, 3, 5, 4, 6, 3, 3, 4, 5, 3, 5, 3, 5, 3, 4, 0, 5, 4, 5, 4, 5, 4, 6, 4, 6, 4, 4, 4, 5, 4, 7, 4, 6, 3, 5, 3, 6, 3, 0, 0, 5, 4, 5, 5, 5]
[2026-06-24 12:29:58] Vector cargado correctamente. Total usos=660
[2026-06-24 12:29:59] Guardado vector. Total usos=716 Vector=[0, 0, 5, 6, 5, 6, 4, 5, 5, 6, 4, 6, 5, 7, 6, 5, 4, 4, 4, 6, 4, 6, 4, 6, 4, 6, 4, 7, 4, 6, 3, 7, 4, 0, 3, 8, 4, 4, 5, 4, 4, 7, 4, 6, 4, 6, 0, 5, 5, 6, 4, 5, 4, 7, 6, 6, 3, 4, 5, 5, 4, 7, 5, 6, 4, 6, 4, 6, 4, 5, 4, 6, 0, 5, 5, 6, 4, 4, 4, 4, 5, 7, 3, 5, 3, 6, 3, 5, 4, 6, 4, 5, 4, 5, 4, 5, 4, 4, 4, 5, 3, 5, 3, 6, 3, 5, 3, 6, 4, 5, 4, 6, 4, 6, 4, 6, 4, 4, 4, 5, 3, 6, 3, 5, 3, 5, 0, 5, 5, 6, 4, 5, 4, 6, 5, 7, 4, 4, 5, 5, 5, 8, 4, 6, 4, 6, 3, 6, 3, 0, 0, 6, 4, 5, 5, 5]
[2026-06-24 12:30:01] Vector cargado correctamente. Total usos=716
[2026-06-24 12:30:02] Guardado vector. Total usos=774 Vector=[0, 0, 5, 7, 5, 6, 5, 6, 5, 6, 5, 7, 5, 7, 7, 6, 5, 4, 4, 6, 5, 7, 4, 6, 4, 7, 5, 7, 4, 7, 4, 7, 4, 0, 3, 8, 4, 4, 5, 4, 4, 7, 4, 7, 4, 6, 0, 6, 5, 6, 5, 6, 4, 7, 6, 7, 4, 5, 5, 6, 5, 8, 5, 6, 4, 6, 4, 6, 4, 6, 4, 6, 0, 6, 5, 6, 4, 4, 5, 5, 5, 7, 4, 6, 3, 6, 4, 6, 4, 6, 4, 6, 4, 5, 4, 6, 4, 4, 5, 6, 4, 6, 3, 6, 4, 6, 3, 6, 5, 6, 4, 6, 4, 7, 4, 6, 4, 4, 4, 6, 3, 6, 4, 6, 3, 5, 0, 6, 5, 6, 5, 6, 4, 6, 5, 8, 4, 5, 5, 6, 6, 9, 4, 6, 5, 7, 3, 6, 3, 0, 0, 6, 5, 6, 5, 5]
[2026-06-24 12:30:04] Vector cargado correctamente. Total usos=774
[2026-06-24 12:30:05] Guardado vector. Total usos=820 Vector=[0, 0, 5, 7, 5, 6, 5, 7, 5, 6, 5, 8, 5, 7, 7, 6, 5, 5, 5, 6, 5, 7, 5, 7, 4, 7, 5, 7, 4, 8, 4, 7, 4, 0, 4, 9, 4, 5, 6, 4, 5, 8, 4, 7, 4, 7, 0, 6, 5, 6, 5, 7, 5, 7, 6, 7, 5, 5, 5, 6, 5, 8, 5, 7, 4, 6, 5, 7, 4, 6, 4, 6, 0, 6, 6, 7, 4, 4, 5, 5, 5, 7, 4, 7, 4, 6, 4, 6, 5, 7, 4, 6, 5, 6, 4, 6, 4, 4, 5, 6, 4, 7, 4, 6, 4, 6, 4, 7, 5, 6, 5, 7, 4, 7, 5, 7, 4, 4, 4, 6, 3, 6, 4, 6, 4, 6, 0, 6, 5, 6, 5, 7, 5, 6, 5, 8, 4, 5, 5, 6, 6, 9, 5, 7, 5, 7, 4, 7, 3, 0, 0, 6, 5, 6, 6, 6]
[2026-06-24 12:30:07] Vector cargado correctamente. Total usos=820
[2026-06-24 12:30:08] Guardado vector. Total usos=872 Vector=[0, 0, 5, 7, 6, 7, 5, 7, 6, 7, 5, 8, 6, 8, 7, 6, 5, 5, 5, 7, 5, 8, 5, 7, 5, 8, 5, 7, 4, 8, 5, 8, 4, 0, 4, 10, 5, 5, 6, 5, 5, 8, 4, 8, 5, 7, 0, 7, 6, 6, 5, 7, 5, 8, 6, 7, 5, 5, 5, 6, 5, 8, 5, 7, 5, 7, 5, 7, 5, 7, 4, 6, 0, 7, 7, 7, 5, 4, 5, 5, 5, 8, 4, 7, 4, 6, 5, 7, 5, 7, 5, 7, 5, 6, 5, 7, 5, 4, 5, 6, 4, 7, 4, 7, 4, 6, 4, 7, 5, 7, 5, 7, 5, 8, 5, 7, 4, 5, 5, 6, 4, 7, 4, 6, 4, 7, 0, 6, 5, 6, 5, 7, 5, 6, 5, 8, 5, 5, 6, 7, 6, 9, 5, 8, 5, 7, 4, 8, 4, 0, 0, 7, 5, 6, 6, 7]
[2026-06-24 12:30:10] Vector cargado correctamente. Total usos=872
[2026-06-24 12:30:11] Guardado vector. Total usos=924 Vector=[0, 0, 6, 8, 6, 7, 5, 7, 6, 8, 6, 8, 6, 8, 8, 7, 5, 5, 5, 7, 5, 8, 5, 7, 5, 8, 5, 8, 5, 8, 5, 9, 5, 0, 4, 10, 5, 6, 6, 5, 5, 9, 5, 8, 5, 8, 0, 7, 6, 7, 6, 7, 5, 8, 7, 8, 5, 6, 5, 6, 5, 8, 6, 8, 5, 7, 5, 8, 5, 7, 5, 7, 0, 7, 7, 7, 5, 5, 5, 6, 5, 9, 5, 7, 4, 7, 5, 7, 6, 8, 5, 7, 5, 7, 5, 7, 5, 4, 6, 6, 5, 8, 4, 7, 5, 7, 4, 7, 5, 7, 5, 8, 5, 8, 6, 8, 4, 5, 6, 6, 4, 7, 5, 7, 4, 7, 0, 6, 5, 7, 5, 7, 6, 7, 5, 8, 5, 5, 6, 7, 6, 10, 6, 8, 5, 8, 5, 8, 4, 0, 0, 7, 6, 7, 6, 7]
[2026-06-24 12:30:13] Vector cargado correctamente. Total usos=924
[2026-06-24 12:30:13] Guardado vector. Total usos=974 Vector=[0, 0, 6, 8, 6, 8, 6, 7, 6, 8, 6, 9, 6, 8, 8, 8, 6, 5, 6, 8, 5, 8, 5, 8, 5, 8, 6, 9, 5, 8, 5, 9, 5, 0, 4, 10, 5, 6, 6, 5, 5, 9, 6, 9, 5, 8, 0, 8, 7, 7, 6, 8, 6, 8, 7, 8, 5, 6, 5, 7, 6, 9, 6, 8, 6, 8, 5, 8, 6, 8, 5, 7, 0, 7, 7, 8, 5, 5, 5, 6, 5, 9, 5, 8, 5, 7, 5, 8, 6, 8, 6, 8, 5, 7, 6, 8, 5, 5, 6, 6, 5, 8, 4, 7, 5, 7, 4, 7, 5, 8, 6, 8, 5, 9, 7, 8, 5, 5, 6, 6, 4, 8, 5, 7, 5, 8, 0, 6, 5, 7, 6, 8, 6, 7, 6, 9, 5, 5, 6, 7, 6, 10, 6, 9, 6, 8, 5, 9, 5, 0, 0, 7, 7, 8, 6, 7]
[2026-06-24 12:30:15] Vector cargado correctamente. Total usos=974
[2026-06-24 12:30:15] Guardado vector. Total usos=1024 Vector=[0, 0, 7, 9, 6, 8, 6, 8, 6, 8, 6, 9, 7, 9, 8, 8, 6, 6, 6, 8, 6, 9, 5, 8, 6, 9, 6, 9, 5, 9, 6, 9, 5, 0, 4, 10, 5, 6, 6, 6, 5, 9, 6, 9, 5, 8, 0, 9, 7, 7, 6, 8, 6, 9, 7, 8, 6, 7, 6, 8, 6, 9, 6, 9, 6, 8, 5, 8, 6, 8, 5, 8, 0, 7, 7, 9, 6, 6, 6, 6, 5, 10, 5, 8, 5, 8, 5, 8, 6, 9, 6, 8, 6, 8, 6, 8, 5, 5, 6, 7, 5, 8, 5, 8, 5, 7, 5, 8, 5, 8, 6, 9, 6, 9, 7, 9, 5, 5, 6, 6, 5, 9, 5, 7, 5, 8, 0, 7, 6, 7, 6, 8, 7, 8, 6, 9, 5, 5, 6, 7, 7, 11, 6, 9, 6, 9, 6, 9, 5, 0, 0, 7, 7, 8, 7, 8]
[2026-06-24 12:47:01] Vector cargado correctamente. Total usos=1024
[2026-06-24 12:47:02] Guardado vector. Total usos=1082 Vector=[0, 0, 7, 9, 7, 9, 6, 8, 7, 9, 6, 9, 8, 10, 8, 8, 6, 6, 6, 9, 6, 9, 6, 9, 6, 9, 7, 10, 5, 9, 6, 10, 6, 0, 4, 11, 5, 6, 7, 6, 6, 10, 6, 9, 6, 9, 0, 9, 7, 8, 6, 8, 7, 10, 7, 8, 6, 7, 6, 8, 7, 10, 6, 9, 6, 9, 6, 8, 6, 9, 6, 8, 0, 8, 7, 9, 6, 6, 6, 7, 5, 10, 6, 9, 5, 8, 6, 9, 6, 9, 7, 9, 6, 8, 6, 9, 5, 5, 6, 8, 6, 9, 5, 8, 6, 8, 5, 8, 6, 9, 6, 9, 6, 9, 7, 9, 5, 5, 6, 7, 5, 9, 6, 8, 5, 8, 0, 8, 6, 7, 6, 8, 7, 9, 6, 9, 5, 6, 7, 8, 8, 12, 6, 9, 7, 10, 6, 9, 5, 0, 0, 8, 7, 8, 7, 9]
[2026-06-24 12:47:04] Vector cargado correctamente. Total usos=1082
[2026-06-24 12:47:06] Guardado vector. Total usos=1136 Vector=[0, 0, 7, 10, 7, 9, 7, 9, 7, 9, 7, 10, 8, 10, 8, 8, 7, 6, 6, 9, 6, 10, 6, 9, 6, 10, 7, 10, 6, 10, 6, 10, 6, 0, 5, 12, 6, 7, 7, 6, 6, 10, 6, 10, 6, 9, 0, 9, 7, 8, 7, 9, 7, 10, 8, 9, 7, 7, 6, 8, 7, 10, 6, 9, 6, 9, 7, 9, 6, 9, 6, 8, 0, 8, 7, 9, 6, 6, 7, 7, 6, 11, 6, 9, 6, 9, 6, 9, 6, 10, 7, 9, 7, 9, 6, 9, 5, 6, 6, 9, 6, 9, 6, 9, 6, 8, 5, 9, 6, 9, 6, 10, 7, 9, 7, 10, 5, 6, 7, 7, 6, 10, 6, 8, 5, 9, 0, 8, 6, 8, 6, 8, 7, 10, 7, 9, 6, 6, 8, 8, 8, 12, 6, 10, 7, 10, 6, 10, 6, 0, 0, 9, 7, 8, 8, 10]
[2026-06-24 12:47:08] Vector cargado correctamente. Total usos=1136
[2026-06-24 12:47:09] Guardado vector. Total usos=1188 Vector=[0, 0, 7, 10, 7, 9, 7, 10, 7, 9, 7, 11, 8, 10, 9, 9, 7, 7, 7, 9, 6, 10, 7, 10, 6, 10, 7, 10, 6, 10, 6, 10, 6, 0, 5, 12, 6, 7, 8, 7, 7, 11, 6, 10, 7, 10, 0, 9, 7, 9, 7, 9, 7, 11, 8, 9, 7, 7, 7, 8, 7, 10, 7, 10, 6, 9, 7, 10, 7, 9, 6, 9, 0, 8, 8, 10, 6, 6, 7, 7, 6, 11, 6, 10, 6, 9, 7, 10, 6, 10, 7, 10, 7, 9, 7, 10, 6, 6, 7, 9, 6, 10, 6, 9, 6, 9, 6, 9, 6, 9, 6, 10, 7, 10, 8, 10, 6, 6, 7, 7, 6, 10, 6, 9, 6, 9, 0, 9, 7, 8, 6, 9, 8, 10, 7, 10, 6, 6, 8, 9, 8, 13, 7, 10, 7, 11, 7, 10, 6, 0, 0, 9, 8, 9, 8, 10]
[2026-06-24 12:47:11] Vector cargado correctamente. Total usos=1188
[2026-06-24 12:47:12] Guardado vector. Total usos=1242 Vector=[0, 0, 7, 10, 8, 10, 7, 10, 8, 10, 7, 11, 9, 11, 9, 9, 7, 7, 7, 9, 7, 11, 7, 10, 7, 11, 7, 10, 7, 11, 6, 10, 6, 0, 6, 13, 6, 7, 8, 7, 7, 11, 7, 11, 7, 10, 0, 10, 8, 9, 7, 10, 8, 11, 8, 10, 7, 7, 7, 9, 7, 11, 7, 10, 7, 10, 7, 10, 7, 10, 7, 9, 0, 9, 8, 10, 7, 6, 7, 8, 6, 11, 6, 10, 6, 9, 7, 10, 6, 10, 7, 10, 7, 9, 7, 11, 7, 7, 7, 10, 6, 10, 6, 10, 6, 9, 6, 10, 6, 9, 7, 11, 7, 10, 8, 10, 7, 7, 7, 8, 6, 11, 6, 9, 6, 10, 0, 9, 7, 9, 7, 9, 8, 11, 7, 10, 7, 7, 8, 10, 8, 13, 7, 11, 7, 11, 7, 11, 6, 0, 0, 10, 9, 9, 8, 11]
[2026-06-24 12:47:14] Vector cargado correctamente. Total usos=1242
[2026-06-24 12:47:15] Guardado vector. Total usos=1294 Vector=[0, 0, 8, 11, 8, 10, 8, 11, 8, 10, 7, 11, 9, 11, 10, 10, 7, 7, 7, 9, 7, 12, 7, 10, 7, 11, 7, 10, 7, 11, 7, 11, 6, 0, 6, 13, 7, 8, 8, 8, 7, 11, 7, 11, 7, 11, 0, 10, 8, 10, 8, 10, 8, 12, 8, 10, 8, 8, 7, 9, 7, 11, 7, 11, 7, 10, 7, 11, 7, 10, 8, 10, 0, 9, 9, 11, 7, 7, 7, 8, 7, 12, 6, 10, 6, 10, 7, 10, 7, 11, 7, 10, 8, 10, 7, 11, 7, 7, 7, 10, 7, 11, 6, 10, 7, 10, 6, 10, 7, 10, 7, 11, 8, 11, 8, 10, 7, 7, 7, 8, 6, 11, 7, 10, 6, 10, 0, 10, 8, 9, 7, 10, 9, 11, 7, 10, 7, 7, 8, 10, 9, 14, 7, 11, 8, 12, 7, 11, 6, 0, 0, 10, 9, 10, 9, 11]
[2026-06-24 12:47:17] Vector cargado correctamente. Total usos=1294
[2026-06-24 12:47:17] Guardado vector. Total usos=1344 Vector=[0, 0, 8, 11, 8, 10, 8, 11, 8, 11, 8, 11, 9, 11, 10, 11, 8, 8, 7, 10, 7, 12, 7, 11, 7, 11, 7, 11, 7, 11, 7, 12, 7, 0, 6, 13, 8, 8, 8, 8, 7, 12, 7, 11, 8, 12, 0, 10, 8, 10, 8, 11, 8, 12, 9, 11, 8, 8, 8, 9, 8, 12, 7, 11, 8, 11, 7, 11, 8, 11, 8, 10, 0, 10, 9, 11, 7, 7, 7, 9, 7, 12, 7, 11, 6, 10, 8, 11, 7, 11, 8, 11, 8, 10, 7, 11, 7, 7, 7, 10, 7, 12, 7, 10, 7, 11, 7, 10, 7, 10, 7, 11, 8, 11, 9, 11, 7, 7, 8, 8, 6, 11, 7, 11, 7, 10, 0, 10, 8, 10, 7, 10, 9, 11, 8, 11, 7, 7, 9, 10, 9, 15, 8, 11, 8, 12, 7, 12, 7, 0, 0, 11, 9, 10, 9, 11]
[2026-06-24 12:47:20] Vector cargado correctamente. Total usos=1344
[2026-06-24 12:47:21] Guardado vector. Total usos=1392 Vector=[0, 0, 8, 11, 9, 11, 8, 11, 8, 11, 8, 12, 9, 11, 10, 11, 8, 8, 8, 10, 7, 12, 8, 12, 7, 11, 8, 12, 7, 11, 7, 12, 7, 0, 7, 14, 8, 8, 9, 8, 7, 12, 8, 12, 8, 12, 0, 10, 8, 11, 8, 11, 8, 12, 10, 12, 8, 8, 9, 9, 8, 13, 8, 11, 8, 11, 8, 12, 8, 11, 8, 11, 0, 10, 9, 11, 7, 7, 8, 9, 7, 12, 7, 11, 7, 11, 8, 11, 7, 12, 8, 11, 8, 11, 8, 11, 7, 8, 8, 10, 7, 12, 8, 11, 7, 11, 7, 11, 7, 10, 7, 12, 8, 11, 9, 11, 7, 8, 8, 9, 7, 12, 7, 11, 7, 11, 0, 10, 8, 11, 8, 10, 9, 12, 8, 11, 8, 8, 9, 10, 9, 15, 8, 12, 8, 12, 7, 13, 7, 0, 0, 11, 10, 11, 9, 11]
[2026-06-24 12:47:23] Vector cargado correctamente. Total usos=1392
[2026-06-24 12:47:23] Guardado vector. Total usos=1448 Vector=[0, 0, 9, 12, 9, 11, 9, 12, 8, 11, 9, 13, 9, 11, 11, 12, 8, 8, 8, 10, 8, 13, 8, 12, 8, 12, 8, 12, 8, 12, 7, 12, 7, 0, 7, 14, 8, 8, 9, 8, 7, 12, 9, 13, 8, 12, 0, 11, 9, 11, 8, 12, 9, 12, 10, 12, 8, 8, 9, 9, 9, 14, 8, 11, 8, 12, 8, 12, 9, 12, 8, 11, 0, 11, 10, 11, 7, 8, 8, 9, 7, 12, 8, 12, 7, 11, 8, 12, 8, 12, 8, 12, 9, 11, 8, 12, 7, 8, 8, 11, 8, 13, 8, 11, 8, 12, 7, 11, 8, 11, 7, 12, 9, 12, 9, 11, 7, 8, 8, 9, 7, 12, 8, 12, 7, 11, 0, 11, 9, 11, 8, 11, 10, 12, 8, 11, 8, 8, 9, 10, 9, 16, 9, 12, 8, 13, 8, 13, 7, 0, 0, 11, 10, 12, 10, 11]
[2026-06-24 12:47:25] Vector cargado correctamente. Total usos=1448
[2026-06-24 12:47:26] Guardado vector. Total usos=1502 Vector=[0, 0, 9, 13, 9, 11, 9, 12, 9, 12, 9, 13, 10, 12, 11, 12, 9, 8, 8, 11, 8, 13, 8, 12, 8, 13, 9, 12, 8, 13, 8, 12, 7, 0, 7, 15, 8, 8, 9, 9, 8, 13, 9, 13, 8, 12, 0, 12, 9, 11, 8, 12, 9, 13, 10, 12, 9, 9, 9, 10, 9, 14, 8, 12, 8, 12, 8, 12, 9, 12, 9, 12, 0, 11, 10, 12, 8, 8, 8, 9, 7, 13, 8, 12, 8, 12, 8, 12, 9, 13, 8, 12, 9, 12, 9, 12, 7, 8, 8, 11, 8, 13, 9, 12, 8, 12, 8, 12, 8, 11, 8, 13, 9, 12, 10, 12, 7, 8, 8, 9, 8, 13, 8, 12, 8, 12, 0, 11, 9, 12, 9, 11, 10, 12, 9, 12, 8, 8, 9, 10, 9, 16, 9, 13, 9, 13, 8, 14, 8, 0, 0, 12, 11, 12, 10, 11]
[2026-06-24 12:47:28] Vector cargado correctamente. Total usos=1502
[2026-06-24 12:47:28] Guardado vector. Total usos=1536 Vector=[0, 0, 9, 13, 10, 12, 9, 12, 9, 12, 9, 13, 10, 12, 11, 12, 9, 9, 8, 11, 8, 13, 9, 13, 8, 13, 9, 13, 8, 13, 8, 13, 8, 0, 7, 15, 8, 9, 9, 9, 8, 13, 9, 13, 8, 13, 0, 12, 9, 12, 9, 12, 9, 13, 10, 12, 9, 9, 9, 10, 9, 14, 9, 13, 8, 12, 9, 13, 9, 12, 9, 12, 0, 12, 10, 12, 8, 8, 8, 10, 7, 13, 8, 13, 8, 12, 9, 13, 9, 13, 9, 13, 9, 12, 9, 12, 8, 8, 8, 11, 8, 14, 9, 12, 8, 13, 8, 12, 9, 12, 8, 13, 9, 12, 10, 12, 8, 9, 8, 9, 8, 13, 8, 13, 8, 12, 0, 12, 9, 12, 9, 11, 10, 12, 9, 12, 9, 9, 9, 10, 9, 16, 9, 13, 9, 13, 8, 14, 8, 0, 0, 12, 11, 12, 10, 11]
[2026-06-24 13:02:52] Nueva calibración detectada. Anterior=2026-06-24T11:37:18+02:00 Actual=2026-06-24T12:38:56+02:00
[2026-06-24 13:02:54] Guardado vector. Total usos=56 Vector=[0, 0, 1, 1, 0, 0, 1, 1, 0, 0, 1, 1, 0, 0, 1, 1, 0, 0, 0, 0, 1, 1, 0, 0, 1, 1, 0, 0, 1, 1, 0, 0, 0, 0, 0, 0, 0, 0, 0, 1, 0, 0, 1, 1, 0, 0, 0, 1, 1, 0, 0, 0, 0, 1, 0, 0, 0, 0, 1, 1, 1, 1, 0, 0, 1, 1, 0, 0, 0, 0, 0, 1, 0, 0, 0, 1, 0, 0, 1, 1, 0, 0, 1, 1, 0, 0, 0, 0, 0, 1, 0, 0, 0, 1, 0, 0, 0, 1, 1, 1, 1, 1, 0, 0, 0, 0, 0, 1, 0, 0, 0, 1, 0, 0, 0, 1, 0, 1, 1, 1, 0, 0, 0, 0, 0, 1, 0, 0, 0, 1, 0, 0, 0, 1, 0, 0, 1, 1, 1, 1, 0, 0, 0, 1, 0, 0, 0, 1, 0, 0, 0, 1, 0, 0, 0, 1]
[2026-06-24 13:02:57] Vector cargado correctamente. Total usos=56
[2026-06-24 13:02:59] Guardado vector. Total usos=112 Vector=[0, 0, 1, 1, 1, 1, 1, 1, 1, 1, 1, 1, 1, 1, 1, 1, 0, 0, 0, 1, 1, 1, 1, 1, 1, 1, 1, 1, 1, 1, 1, 1, 0, 0, 0, 1, 0, 0, 0, 1, 1, 1, 1, 1, 1, 1, 0, 1, 1, 1, 1, 0, 0, 1, 1, 1, 0, 1, 1, 1, 1, 1, 1, 1, 1, 1, 0, 1, 0, 0, 0, 1, 0, 1, 1, 1, 0, 1, 1, 1, 1, 1, 1, 1, 0, 1, 0, 0, 0, 1, 1, 1, 0, 1, 1, 1, 1, 1, 1, 1, 1, 1, 0, 1, 0, 0, 0, 1, 1, 1, 0, 1, 1, 1, 0, 1, 1, 1, 1, 1, 0, 1, 0, 0, 0, 1, 0, 1, 1, 1, 0, 1, 1, 1, 0, 1, 1, 1, 1, 2, 1, 1, 0, 1, 1, 1, 0, 1, 0, 0, 0, 1, 1, 1, 0, 1]
[2026-06-24 13:03:01] Vector cargado correctamente. Total usos=112
[2026-06-24 13:03:02] Guardado vector. Total usos=160 Vector=[0, 0, 1, 2, 1, 1, 1, 2, 1, 1, 1, 2, 1, 1, 1, 1, 1, 1, 1, 1, 1, 2, 1, 1, 1, 2, 1, 1, 1, 2, 1, 1, 0, 0, 1, 2, 1, 1, 1, 1, 1, 1, 1, 2, 1, 1, 0, 1, 1, 1, 1, 1, 1, 1, 1, 2, 1, 1, 1, 2, 1, 2, 1, 1, 1, 1, 0, 1, 1, 1, 0, 1, 0, 1, 1, 1, 1, 1, 1, 1, 1, 1, 1, 1, 0, 1, 1, 1, 0, 1, 1, 2, 1, 1, 1, 1, 1, 1, 1, 1, 2, 2, 0, 1, 1, 1, 0, 1, 1, 2, 1, 1, 1, 2, 1, 1, 1, 1, 1, 1, 0, 1, 1, 1, 0, 1, 0, 1, 1, 1, 1, 2, 1, 1, 1, 2, 1, 1, 1, 2, 1, 2, 1, 1, 1, 2, 1, 1, 0, 0, 0, 1, 1, 2, 1, 1]
[2026-06-24 13:03:04] Vector cargado correctamente. Total usos=160
[2026-06-24 13:03:05] Guardado vector. Total usos=214 Vector=[0, 0, 1, 2, 2, 2, 1, 2, 2, 2, 1, 2, 2, 2, 1, 1, 1, 1, 1, 2, 1, 2, 2, 2, 1, 2, 2, 2, 1, 2, 1, 2, 1, 0, 1, 3, 1, 1, 2, 1, 2, 2, 1, 2, 2, 2, 0, 1, 1, 2, 1, 1, 2, 2, 1, 2, 1, 1, 1, 2, 2, 3, 1, 1, 1, 2, 1, 1, 1, 2, 1, 1, 0, 2, 2, 1, 1, 1, 1, 1, 1, 1, 1, 2, 1, 1, 1, 2, 1, 1, 1, 2, 1, 1, 2, 2, 1, 1, 2, 1, 2, 2, 0, 1, 1, 2, 1, 1, 1, 2, 1, 2, 1, 2, 1, 1, 1, 1, 2, 2, 1, 2, 1, 1, 0, 1, 0, 1, 1, 2, 1, 2, 1, 2, 1, 2, 2, 1, 2, 2, 1, 2, 1, 2, 1, 2, 1, 2, 1, 0, 0, 2, 1, 2, 2, 2]
[2026-06-24 13:03:07] Vector cargado correctamente. Total usos=214
[2026-06-24 13:03:08] Guardado vector. Total usos=266 Vector=[0, 0, 2, 3, 2, 2, 2, 3, 2, 2, 2, 3, 2, 2, 2, 2, 1, 1, 1, 2, 2, 3, 2, 2, 2, 3, 2, 2, 2, 3, 1, 2, 1, 0, 1, 3, 1, 1, 2, 1, 2, 2, 1, 2, 2, 2, 0, 2, 2, 2, 1, 2, 2, 2, 2, 3, 2, 1, 2, 2, 2, 3, 1, 2, 1, 2, 1, 1, 1, 2, 1, 1, 0, 2, 2, 1, 2, 2, 2, 2, 1, 2, 1, 2, 1, 2, 1, 2, 1, 2, 1, 2, 1, 2, 2, 2, 1, 2, 2, 2, 2, 2, 1, 2, 1, 2, 1, 2, 1, 2, 2, 3, 1, 2, 1, 2, 1, 1, 2, 2, 1, 2, 1, 2, 1, 1, 0, 2, 2, 2, 1, 3, 2, 2, 1, 3, 2, 1, 2, 3, 2, 3, 1, 2, 2, 3, 1, 2, 1, 0, 0, 2, 2, 3, 2, 2]
[2026-06-24 13:03:10] Vector cargado correctamente. Total usos=266
[2026-06-24 13:03:11] Guardado vector. Total usos=316 Vector=[0, 0, 2, 3, 2, 2, 2, 3, 2, 2, 2, 3, 2, 3, 3, 2, 2, 2, 2, 2, 2, 3, 2, 3, 2, 3, 2, 3, 2, 3, 1, 3, 1, 0, 1, 3, 2, 2, 2, 2, 2, 3, 1, 2, 2, 3, 0, 2, 2, 3, 2, 2, 2, 3, 2, 3, 2, 2, 2, 3, 2, 3, 2, 3, 1, 2, 1, 2, 1, 2, 2, 2, 0, 2, 2, 2, 2, 2, 2, 2, 2, 3, 1, 2, 2, 3, 1, 2, 2, 3, 1, 2, 2, 3, 2, 2, 1, 2, 2, 2, 2, 3, 1, 2, 1, 2, 1, 3, 2, 2, 2, 3, 2, 3, 1, 2, 2, 2, 2, 2, 1, 2, 1, 2, 1, 2, 0, 2, 2, 3, 2, 3, 2, 2, 2, 4, 2, 2, 2, 3, 2, 3, 2, 3, 2, 3, 1, 3, 1, 0, 0, 3, 3, 3, 2, 2]
[2026-06-24 13:03:13] Vector cargado correctamente. Total usos=316
[2026-06-24 13:03:14] Guardado vector. Total usos=366 Vector=[0, 0, 2, 3, 3, 3, 2, 3, 3, 3, 2, 3, 2, 3, 3, 3, 2, 2, 2, 3, 3, 4, 2, 3, 3, 4, 2, 3, 2, 4, 2, 3, 1, 0, 1, 3, 2, 2, 2, 2, 2, 3, 2, 3, 2, 3, 0, 3, 3, 3, 2, 3, 3, 3, 2, 3, 2, 2, 2, 3, 3, 4, 2, 3, 2, 3, 1, 2, 2, 3, 2, 2, 0, 3, 3, 2, 2, 2, 2, 2, 2, 3, 2, 3, 2, 3, 2, 3, 2, 3, 2, 3, 2, 3, 2, 2, 1, 2, 2, 2, 2, 3, 1, 2, 2, 3, 1, 3, 3, 3, 2, 3, 2, 3, 2, 3, 2, 2, 2, 2, 2, 3, 1, 2, 1, 2, 0, 3, 3, 3, 2, 3, 3, 3, 2, 4, 2, 2, 2, 3, 3, 4, 2, 3, 2, 4, 2, 3, 1, 0, 0, 3, 3, 3, 3, 3]
[2026-06-24 13:03:16] Vector cargado correctamente. Total usos=366
[2026-06-24 13:03:16] Guardado vector. Total usos=420 Vector=[0, 0, 3, 4, 3, 3, 3, 4, 3, 3, 2, 3, 3, 4, 3, 3, 2, 2, 2, 4, 3, 4, 2, 3, 3, 4, 2, 3, 2, 4, 2, 4, 2, 0, 1, 4, 3, 3, 3, 2, 2, 4, 2, 3, 2, 4, 0, 3, 3, 4, 2, 3, 3, 4, 3, 3, 3, 2, 3, 3, 3, 4, 2, 4, 2, 3, 2, 3, 2, 3, 2, 3, 0, 3, 4, 3, 3, 2, 3, 2, 2, 4, 2, 3, 2, 4, 3, 3, 2, 4, 2, 3, 2, 3, 3, 3, 2, 2, 3, 2, 2, 3, 1, 3, 2, 3, 2, 4, 3, 3, 2, 4, 2, 3, 2, 3, 2, 2, 3, 3, 2, 3, 2, 3, 1, 2, 0, 3, 3, 4, 2, 3, 3, 4, 2, 4, 2, 2, 3, 4, 3, 5, 3, 3, 2, 4, 2, 4, 2, 0, 0, 4, 3, 3, 3, 4]
[2026-06-24 13:03:18] Vector cargado correctamente. Total usos=420
[2026-06-24 13:03:18] Guardado vector. Total usos=472 Vector=[0, 0, 3, 4, 3, 3, 3, 4, 3, 4, 3, 3, 3, 5, 4, 3, 3, 3, 2, 4, 3, 4, 2, 4, 3, 4, 2, 4, 2, 4, 3, 5, 2, 0, 2, 5, 3, 3, 3, 2, 2, 4, 3, 4, 2, 4, 0, 4, 3, 4, 3, 4, 3, 4, 4, 4, 3, 3, 3, 3, 4, 5, 2, 4, 3, 4, 2, 3, 2, 4, 3, 3, 0, 4, 4, 3, 3, 2, 3, 3, 2, 4, 3, 4, 2, 4, 3, 4, 3, 4, 2, 3, 2, 3, 3, 4, 2, 2, 3, 3, 2, 4, 2, 3, 2, 3, 2, 4, 3, 4, 3, 4, 2, 4, 2, 3, 2, 2, 3, 4, 2, 3, 2, 3, 2, 3, 0, 3, 3, 4, 3, 4, 3, 4, 2, 5, 2, 3, 3, 5, 3, 5, 3, 4, 3, 4, 2, 5, 2, 0, 0, 4, 4, 4, 3, 4]
[2026-06-24 13:03:20] Vector cargado correctamente. Total usos=472
[2026-06-24 13:03:20] Guardado vector. Total usos=512 Vector=[0, 0, 3, 4, 4, 4, 3, 4, 3, 4, 3, 4, 3, 5, 5, 4, 3, 3, 3, 4, 3, 5, 3, 4, 3, 5, 3, 4, 2, 5, 3, 5, 2, 0, 2, 5, 3, 3, 4, 3, 2, 4, 3, 5, 3, 4, 0, 4, 3, 4, 3, 4, 3, 5, 4, 4, 3, 3, 4, 4, 4, 5, 2, 4, 3, 4, 3, 4, 2, 4, 3, 4, 0, 4, 4, 4, 3, 2, 3, 3, 3, 5, 3, 4, 2, 4, 3, 5, 3, 4, 3, 4, 2, 3, 3, 4, 3, 3, 3, 3, 2, 4, 2, 4, 2, 3, 2, 4, 3, 4, 3, 4, 2, 4, 3, 4, 3, 3, 3, 4, 2, 4, 2, 3, 2, 4, 0, 3, 3, 4, 3, 4, 3, 5, 3, 5, 3, 3, 3, 5, 3, 5, 3, 5, 3, 4, 2, 5, 2, 0, 0, 4, 4, 4, 3, 4]
